<path
       d="m 1.3656325,0.19811041 c -0.013276,-0.025029 0.2968122,0.0227231 0.343083,0.0342943 0.1467641,0.036698 0.2280559,-0.0137233 0.3777687,-0.0220523 0.3442849,-0.0191456 0.6506979,-0.42828784 0.9850187,-0.41069348 0.1860335,0.009782 0.5842195,0.5047723 0.7333593,-0.0563607 0.00897,-0.0337214 -0.4664253,-0.20865878 -0.6510333,-0.22287123 -0.5651997,-0.0434758 -1.0450548,0.46836777 -1.6289808,0.30746112 -0.027209,-0.007505 -0.097251,-0.0409604 -0.069874,-0.047808 0.136814,-0.0342105 0.3111924,0.0567519 0.4486492,0.0183909 0.297385,-0.0829967 0.5761696,-0.3968723 0.4265826,-0.63620592 C 2.2799802,-0.9180904 2.1484208,-0.98448501 2.0580733,-0.99953595 1.5756049,-1.0799473 1.4855927,-0.57713152 1.1754904,-0.639152 0.93498286,-0.6872535 0.76331556,-0.97182378 0.59076784,-1.1098675 0.32957752,-1.3188198 0.04435042,-1.5026033 -0.29549047,-1.551152 c -0.13167122,-0.01881 -0.42048008,6.289e-4 -0.5111714,0.113993 -0.20866573,0.260827 0.43384845,0.124544 0.58671955,0.1216792 0.34587803,-0.00647 0.36829372,0.47543905 0.50916041,0.67265241 0.0542505,0.0759395 0.25442649,0.15784616 0.27213265,0.24639093 0.0852048,0.42599597 -0.72645567,0.96673959 -0.37509949,1.65484826 0.13678603,0.2678982 0.3143088,0.2043265 0.52587436,0.080914 0.0479338,-0.027964 0.2233883,-0.09911 0.29130619,-0.00855 0.138994,0.1853348 0.1129309,0.3700686 0.1978003,0.582235 0.041156,0.102883 0.1197227,0.181296 0.161801,0.2794835 0.052476,0.1224198 0.2251352,0.3085791 0.3898151,0.2427155 0.1023938,-0.04096 0.095616,-0.2135081 0.095616,-0.3052391 0,-0.1299244 -0.035412,-0.1438713 -0.084338,-0.2661654 C 1.7159964,1.7434515 1.6284858,1.7225312 1.5845069,1.5905944 1.5622309,1.5237945 1.5335545,1.3396896 1.516589,1.2718556 1.508805,1.2407335 1.4322926,1.1670999 1.4549738,1.1444187 c 0.024945,-0.024945 0.1027293,-0.043392 0.1295331,-0.057381 0.1180177,-0.061601 0.1303017,-0.23336633 0.231871,-0.1698785 0.2021046,0.1263049 0.4724205,0.8082925 0.874226,0.8082925 0.038571,0 0.105622,0.013108 0.1397347,-0.00735 C 3.0462643,1.5885401 2.8592526,1.4415245 2.7788552,1.3209353 2.6935665,1.1930094 2.0802095,0.58179047 1.9551064,0.51925293 1.7703587,0.42686506 1.6195419,0.48005342 1.4365829,0.54867003 1.4105617,0.55842449 1.1015493,0.65480917 1.0971892,0.65043503 0.96677569,0.52003552 1.4547223,0.36596258 1.3656325,0.19811041 Z"
       opacity="1"
       fill="#000000"
       id="path79190"
       style="stroke-width:0.0139749" /><path
       d="m 1.1787605,0.05395963 c -0.013723,0.005003 -0.075115,0.01915955 -0.095113,0.09912375 -0.00359,0.0143522 -0.00651,0.0497366 0.016015,0.0520564 0.099445,0.0102995 0.1819808,-0.18864677 0.079098,-0.15118015 z"
       opacity="1"
       fill="#c70000"
       id="path79192"
       style="stroke-width:0.0139749" /><path
       d="m 2.957426,-1.1551741 c -0.06019,-0.040136 -0.1147756,-0.112847 -0.1637715,-0.1667621 -0.00479,-0.00527 -0.085834,-0.088433 -0.086365,-0.086351 -0.012004,0.048032 0.08772,0.2125997 0.1072013,0.2620428 0.021354,0.054209 0.068491,0.16079482 0.068491,0.16079482 0,0 -0.028369,-0.001509 -0.041687,-0.005953 -0.07443,-0.0248054 -0.1478681,-0.082298 -0.2203558,-0.11613112 -0.029291,-0.013667 -0.060735,-0.033791 -0.092304,-0.041687 -0.00289,-7.267e-4 -0.01104,-0.00211 -0.00894,0 0.1246279,0.1246139 0.1872772,0.4016797 0.2799166,0.49430514 0.0053,0.005296 0.119038,-0.16363175 0.1310144,-0.18759866 0.0026,-0.005171 0.012312,-0.0141006 0.014897,-0.00893 0.03013,0.0602736 -0.021493,0.20482967 0.023813,0.2501362 1.538e-4,1.5372e-4 0.233003,-0.046145 0.2471596,-0.0744441 0.02658,-0.0531744 -0.1596489,-0.1780119 -0.1072012,-0.2501362 0.036111,-0.0496527 0.3930711,-0.43400348 0.3930711,-0.46751528 0,-0.00952 0.01874,-0.059114 0.011907,-0.062524 -0.039703,-0.019858 -0.2750114,0.1955224 -0.3216037,0.2382156 -0.012452,0.011417 -0.03871,0.032757 -0.03871,0.032757 0,0 0.00674,-0.032114 0.011921,-0.04764 0.027559,-0.082689 0.050407,-0.1642885 0.068491,-0.2501362 0.00521,-0.024805 0.00738,-0.049583 0.011907,-0.074444 0.00161,-0.00885 0.00298,-0.03579 0.00298,-0.026804 0,0.075646 -0.096552,0.1951451 -0.1250611,0.2679961 -0.011278,0.028816 -0.026105,0.057451 -0.035734,0.086365 -0.00518,0.015526 -0.0046,0.062286 -0.011921,0.04764 -0.050365,-0.1007448 0.065346,-0.3396312 -0.01786,-0.4228376 -0.00356,-0.00356 -0.011152,-0.00932 -0.017874,-0.00595 -0.044566,0.022276 -0.059002,0.2800704 -0.0655,0.3305196 -0.00267,0.020585 -0.00482,0.1337675 -0.017874,0.1250751 z"
       opacity="1"
       fill="#f1ea00"
       id="path79195"
       style="stroke-width:0.0139749" /><path
       d="m 2.5373554,0.30624796 c -0.020459,-0.001146 -0.1511242,-0.0448733 -0.1674469,-0.0285507 -0.00264,0.002641 0.00746,0.001411 0.010803,0.003074 0.027293,0.0136535 0.047612,0.0599522 0.069455,0.0817949 0.00977,0.009782 0.04314,0.0293333 0.029319,0.0293333 -0.061056,0 -0.1211901,0.002585 -0.1821065,0.006163 -0.00632,3.7733e-4 -0.09025,0.0158475 -0.081795,0.0200679 0.090529,0.0452646 0.2145143,0.021675 0.2145143,0.0354962 0,0.0032 -0.048716,0.0176782 -0.050924,0.0185167 -0.028621,0.0109004 -0.050673,0.0318487 -0.077169,0.0462987 -0.016756,0.009154 -0.069036,0.0202077 -0.050924,0.0262448 0.034546,0.0115153 0.095057,-0.002446 0.1280937,-0.0123538 0.018656,-0.00559 0.070866,-0.026119 0.057101,-0.0123398 -0.027992,0.0279917 -0.049792,0.0662269 -0.075618,0.0972232 -0.014003,0.0167978 -0.044776,0.0740948 -0.029333,0.0586525 0.025616,-0.0256159 0.059533,-0.0415333 0.086435,-0.0663666 0.00164,-0.001509 0.051903,-0.0410023 0.052476,-0.0370474 0.0071,0.0497366 -0.027572,0.12622102 -0.037047,0.17594361 -0.00345,0.0180975 -0.00757,0.0376483 -0.01234,0.0555641 -0.00254,0.009489 -0.00449,0.0390458 -0.00309,0.0293193 0.00724,-0.0506589 0.09651,-0.18601949 0.1342705,-0.22377959 0.00468,-0.004696 0.025392,0.0459773 0.026231,0.047836 0.02092,0.0460332 0.078706,0.12964487 0.078706,0.12964487 0,0 -0.011976,-0.0918708 -0.029319,-0.13427056 -0.00442,-0.0107886 -0.051637,-0.0980617 -0.041673,-0.10802574 0.04219,-0.0421901 0.1558757,0.0879578 0.1558757,0.0879578 0,0 -0.025784,-0.0387803 -0.040122,-0.0571013 C 2.6920582,0.56318955 2.5941915,0.44029456 2.6029542,0.4227561 2.6205342,0.3876093 2.723697,0.3368526 2.7588299,0.3178188 2.7793029,0.3067228 2.8411139,0.2896874 2.8190199,0.2823226 2.7821819,0.2700387 2.6913455,0.3016638 2.6554301,0.3147303 c -0.020333,0.007393 -0.054893,0.040583 -0.061741,0.0200679 -0.00801,-0.0240368 0.024931,-0.0649133 0.035496,-0.0848834 0.00669,-0.0126333 0.028704,-0.0494571 0.021605,-0.0370474 -0.014925,0.026133 -0.081963,0.0951269 -0.1134347,0.0933806 z"
       opacity="1"
       fill="#f1ea00"
       id="path79197"
       style="stroke-width:0.0139749" /><path
       d="m -0.16018578,-0.66408317 c 0.0140447,-0.0256439 0.15062115,-0.16692982 0.13965088,-0.19795403 -0.0017748,-0.005031 -0.0064005,0.00872 -0.01060693,0.0120044 -0.03432228,0.0267339 -0.10640466,0.0244281 -0.14795195,0.0391157 -0.0185866,0.006568 -0.0642564,0.0375086 -0.0557597,0.0197185 0.0375225,-0.0785807 0.0711461,-0.15756666 0.10397304,-0.2381737 0.003396,-0.00836 0.03507692,-0.1258716 0.024442,-0.1175985 -0.11389519,0.088699 -0.15973276,0.26276944 -0.1775088,0.25427272 -0.004123,-0.001956 0.007183,-0.0735497 0.007463,-0.0769177 0.00355,-0.0435318 -0.009852,-0.0847996 -0.0121721,-0.12777222 -0.001467,-0.027195 0.0164344,-0.1012759 -0.00246,-0.081669 -0.0360691,0.037397 -0.0552846,0.1238453 -0.062831,0.1724499 -0.004262,0.0274466 -0.00995,0.10725707 -0.0192015,0.0810822 -0.0188241,-0.0532443 -0.0546417,-0.10478357 -0.0786632,-0.15707757 -0.0130092,-0.028327 -0.067848,-0.1031625 -0.0574563,-0.073787 0.0172226,0.048702 0.0168705,0.1021284 0.0322973,0.1520186 9.4051e-4,0.00305 0.0208645,0.0919966 0.0154241,0.0902917 -0.0683721,-0.0214235 -0.14550355,-0.1130427 -0.20366836,-0.1557919 -0.0211705,-0.015554 -0.0438028,-0.032883 -0.0639169,-0.05003 -0.0106656,-0.0091 -0.047509,-0.029752 -0.0358413,-0.021996 0.0607432,0.040443 0.18010114,0.23853703 0.20549068,0.31032594 0.003156,0.00893 -0.0747851,0.004416 -0.0776947,0.00436 -0.0720866,-0.001356 -0.2152116,0.0216331 -0.2152116,0.0216331 0,0 0.12559216,0.0410442 0.19082126,0.0447755 0.0166036,9.5029e-4 0.15794119,-0.006191 0.16464214,0.0127591 0.028369,0.0802157 -0.20900397,0.14655446 -0.20900397,0.14655446 0,0 0.0657602,-0.009363 0.0981497,-0.0165602 0.0218455,-0.004849 0.24015115,-0.0552706 0.25732627,-0.0332183 0.0344481,0.0442165 0.0363766,0.20818364 0.0392834,0.26510328 0.001691,0.0331764 -0.0143662,0.12318848 0.008692,0.0992775 0.0384449,-0.0398703 0.0535517,-0.17620914 0.0588202,-0.23045958 0.002977,-0.0307168 -0.0185027,-0.0955881 0.0121162,-0.0917869 0.0358455,0.004458 0.0682253,0.0719706 0.0874268,0.097852 0.0121442,0.0163646 0.04600528,0.067317 0.0343922,0.0505751 -0.0244421,-0.0352726 -0.0720405,-0.16395318 -0.0504629,-0.20337707 z"
       opacity="1"
       fill="#f1ea00"
       id="path79199"
       style="stroke-width:0.0139749" />
